0 0.108333 0.02 0.02 0.02
0 0.871667 0.063333 0.02 0.02
0 0.9225 0.063333 0.054167 0.026667
0 0.361667 0.164167 0.65 0.04
0 0.096667 0.4425 0.086667 0.026667
2 0.084167 0.228333 0.061667 0.0175
2 0.163333 0.228333 0.055833 0.0175
2 0.243333 0.228333 0.066667 0.0175
2 0.071667 0.285833 0.035833 0.026667
2 0.11 0.285833 0.03 0.026667
2 0.15 0.285833 0.035833 0.026667
2 0.193333 0.285833 0.035833 0.026667
2 0.235 0.285833 0.035833 0.026667
2 0.280833 0.285833 0.041667 0.026667
2 0.071667 0.3475 0.035833 0.026667
2 0.124167 0.3475 0.058333 0.026667
2 0.190833 0.3475 0.060833 0.026667
2 0.260833 0.3475 0.064167 0.026667
4 0.053333 0.22 0.003333 0.003333
4 0.135 0.22 0.003333 0.003333
4 0.211667 0.22 0.003333 0.003333
4 0.053333 0.273333 0.003333 0.003333
4 0.096667 0.273333 0.003333 0.003333
4 0.133333 0.273333 0.003333 0.003333
4 0.175 0.273333 0.003333 0.003333
4 0.218333 0.273333 0.003333 0.003333
4 0.26 0.273333 0.003333 0.003333
4 0.053333 0.335 0.003333 0.003333
4 0.096667 0.335 0.003333 0.003333
4 0.161667 0.335 0.003333 0.003333
4 0.228333 0.335 0.003333 0.003333
