0 0.27 0.963333 0.061667 0.021667
0 0.843333 0.03 0.07 0.033333
0 0.923333 0.03 0.033333 0.033333
0 0.963333 0.03 0.03 0.03
0 0.215 0.074167 0.0475 0.016667
0 0.595 0.245 0.026667 0.026667
0 0.191667 0.473333 0.115 0.023333
0 0.125 0.676667 0.03 0.03
0 0.314167 0.721667 0.086667 0.026667
0 0.685 0.676667 0.03 0.03
0 0.874167 0.721667 0.086667 0.026667
0 0.125 0.926667 0.03 0.03
0 0.314167 0.971667 0.086667 0.026667
0 0.405 0.926667 0.03 0.03
0 0.594167 0.971667 0.086667 0.026667
0 0.685 0.926667 0.03 0.03
0 0.874167 0.971667 0.086667 0.026667
