0 0.234167 0.071667 0.085833 0.033333
0 0.67 0.071667 0.055 0.033333
0 0.030833 0.278333 0.036667 0.036667
0 0.6425 0.278333 0.036667 0.036667
0 0.959167 0.585833 0.036667 0.036667
0 0.1425 0.514167 0.026667 0.026667
0 0.285833 0.514167 0.026667 0.026667
0 0.4825 0.514167 0.026667 0.026667
0 0.679167 0.514167 0.026667 0.026667
0 0.875833 0.514167 0.026667 0.026667
0 1.019167 0.514167 0.026667 0.026667
0 1.148333 0.514167 0.026667 0.026667
0 1.29 0.514167 0.026667 0.026667
0 1.431667 0.514167 0.026667 0.026667
0 1.588333 0.514167 0.026667 0.026667
0 0.959167 0.968333 0.036667 0.036667
0 0.131667 0.896667 0.026667 0.026667
0 0.328333 0.896667 0.026667 0.026667
0 0.525 0.896667 0.026667 0.026667
0 0.666667 0.896667 0.026667 0.026667
0 0.808333 0.896667 0.026667 0.026667
0 0.95 0.896667 0.026667 0.026667
0 1.091667 0.896667 0.026667 0.026667
0 1.233333 0.896667 0.026667 0.026667
0 1.43 0.896667 0.026667 0.026667
0 1.626667 0.896667 0.026667 0.026667
0 0.941667 0.9475 0.0625 0.025
4 0.493333 0.071667 0.405833 0.033333
