0 0.741667 0.03 0.026667 0.026667
0 0.781667 0.03 0.026667 0.026667
0 0.831667 0.03 0.033333 0.033333
0 0.97 0.481667 0.026667 0.026667
0 0.97 0.525 0.026667 0.026667
0 0.97 0.565 0.026667 0.026667
0 0.97 0.591667 0.026667 0.026667
0 0.97 0.9 0.026667 0.026667
0 0.97 0.926667 0.026667 0.026667
0 1.0825 0.090833 0.044167 0.014167
0 1.11 0.169167 0.1 0.014167
0 1.121667 0.348333 0.1225 0.014167
0 1.101667 0.564167 0.0825 0.014167
0 1.078333 0.6925 0.036667 0.014167
0 0.97 0.03 0.033333 0.033333
4 0.163333 0.030833 0.233333 0.034167
